   1     1     1     1     1     1     1     1     1     1     1     1     1     1     1     1     1     1
  1     1     1     1     1     1     1     1     1     1     1     1     1     1     1     1     1     1
  111   111   111   111   111   111   111   111   111   111   111   111   111   111   111   111   111   111


   1     1     1     1     1     1     1     1     1     1     1     1     1     1     1     1     1     1
  1     1     1     1     1     1     1     1     1     1     1     1     1     1     1     1     1     1
  111   111   111   111   111   111   111   111   111   111   111   111   111   111   111   111   111   111


   1     1     1     1     1     1     1     1     1     1     1     1     1     1     1     1     1     1
  1     1     1     1     1     1     1     1     1     1     1     1     1     1     1     1     1     1
  111   111   111   111   111   111   111   111   111   111   111   111   111   111   111   111   111   111


   1     1     1     1     1     1     1     1     1     1     1     1     1     1     1     1     1     1
  1     1     1     1     1     1     1     1     1     1     1     1     1     1     1     1     1     1
  111   111   111   111   111   111   111   111   111   111   111   111   111   111   111   111   111   111


   1     1     1     1     1     1     1     1     1     1     1     1     1     1     1     1     1     1
  1     1     1     1     1     1     1     1     1     1     1     1     1     1     1     1     1     1
  111   111   111   111   111   111   111   111   111   111   111   111   111   111   111   111   111   111


   1     1     1     1     1     1     1     1     1     1     1     1     1     1     1     1     1     1
  1     1     1     1     1     1     1     1     1     1     1     1     1     1     1     1     1     1
  111   111   111   111   111   111   111   111   111   111   111   111   111   111   111   111   111   111


   1     1     1     1     1     1     1     1     1     1     1     1     1     1     1     1     1     1
  1     1     1     1     1     1     1     1     1     1     1     1     1     1     1     1     1     1
  111   111   111   111   111   111   111   111   111   111   111   111   111   111   111   111   111   111


   1     1     1     1     1     1     1     1     1     1     1     1     1     1     1     1     1     1
  1     1     1     1     1     1     1     1     1     1     1     1     1     1     1     1     1     1
  111   111   111   111   111   111   111   111   111   111   111   111   111   111   111   111   111   111


   1     1     1     1     1     1     1     1     1     1     1     1     1     1     1     1     1     1
  1     1     1     1     1     1     1     1     1     1     1     1     1     1     1     1     1     1
  111   111   111   111   111   111   111   111   111   111   111   111   111   111   111   111   111   111


   1     1     1     1     1     1     1     1     1     1     1     1     1     1     1     1     1     1
  1     1     1     1     1     1     1     1     1     1     1     1     1     1     1     1     1     1
  111   110   111   111   111   111   111   111   111   111   111   111   111   111   111   111   111   111


   1     1     1     1     1     1     1     1     1     1     1     1     1     1     1     1     1     1
  1     1     1     1     1     1     1     1     1     1     1     1     1     1     1     1     1     1
  111   111   111   111   111   111   111   111   111   111   111   111   111   111   111   111   111   111
